0.62  -5.55112e-17  0.75
0.62  -0.045  0.75
0.62  -0.0675  0.75
0.62  -0.09  0.75
0.62  -0.1125  0.75
0.62  -0.135  0.75
0.62  -0.1575  0.75
0.62  -0.18  0.75
0.605  -0.0225  0.75
0.605  -0.2025  0.75
0.605  -0.225  0.75
0.605  -0.2475  0.75
0.59  -0.27  0.75
0.575  -0.2925  0.75
0.575  -0.315  0.75
0.56    -0.315    0.75
0.545  -0.3375  0.75
0.53    -0.3375    0.75
0.515    -0.3375    0.75
0.5  -0.36  0.75
0.485    -0.36    0.75
0.47  -0.36  0.75
0.455    -0.3375    0.75
0.44    -0.3375    0.75
0.425    -0.3375    0.75
0.41    -0.3375    0.75
0.395    -0.3375    0.75
0.38  -0.3375  0.75
0.365    -0.315    0.75
0.35    -0.315    0.75
