0.74  -0.18  0.75
0.725  -0.1125  0.75
0.725  -0.135  0.75
0.725  -0.1575  0.75
0.725  -0.2025  0.75
0.725  -0.225  0.75
0.725  -0.2475  0.75
0.725  -0.27  0.75
0.725  -0.2925  0.75
0.71  -0.315  0.75
0.71  -0.3375  0.75
0.71  -0.36  0.75
0.71    -0.1125    0.75
0.695  -0.3825  0.75
0.695  -0.405  0.75
0.695    -0.1125    0.75
0.68  -0.4275  0.75
0.68  -0.45  0.75
0.68    -0.135    0.75
0.665    -0.135    0.75
0.65    -0.135    0.75
0.635    -0.135    0.75
0.62    -0.135    0.75
0.605    -0.135    0.75
0.59    -0.135    0.75
0.56  -0.1125  0.75
0.575    -0.135    0.75
0.545    -0.1125    0.75
0.53    -0.1125    0.75
0.515    -0.1125    0.75
0.5    -0.1125    0.75
